1 0
2 1
3 2
4 4
5 7
6 10
7 13
8 17
9 21
10 25
11 29
12 32
13 38
14 41
15 47
16 52
17 56
18 63
19 66
20 72
21 78
22 85
23 90
24 94
25 101
26 107
27 113
28 119
29 121
30 132
31 137
32 144
33 149
34 154
35 159
36 166
37 174
38 180
39 189
40 196
41 201
42 205
43 213
44 217
45 228
46 237
47 240
48 251
49 253
50 263
51 274
52 279
53 290
54 287
55 290
56 310
57 310
58 326
59 332
60 336
61 347
62 351
63 357
64 369
65 375
66 377
67 393
68 401
69 404
70 413
71 423
72 423
73 441
74 443
75 445
76 463
77 467
78 471
79 495
80 497
81 502
82 512
83 522
84 525
85 536
86 558
87 547
88 555
89 570
90 571
91 584
92 597
93 604
94 607
95 608
96 629
97 633
98 651
99 650
