1 0
2 1
3 2
4 5
5 7
6 11
7 15
8 19
9 24
10 29
11 34
12 43
13 51
14 57
15 64
16 73
17 81
18 91
19 103
20 114
21 122
22 135
23 148
24 162
25 171
26 190
27 204
28 220
29 231
30 249
31 263
32 279
33 296
34 321
35 334
36 358
37 371
38 386
39 411
40 431
41 457
42 475
43 498
44 519
45 540
46 569
47 596
48 617
49 647
50 682
51 697
52 724
53 759
54 778
55 802
56 840
57 874
58 895
59 913
60 955
61 993
62 1027
63 1056
64 1113
65 1128
66 1163
67 1200
68 1228
69 1249
70 1292
71 1332
72 1358
73 1423
74 1441
75 1486
76 1522
77 1588
78 1615
79 1658
80 1686
81 1699
82 1768
83 1809
84 1847
85 1920
86 1957
87 1973
88 2042
89 2074
90 2131
91 2185
92 2210
93 2254
94 2293
95 2346
96 2414
97 2470
98 2501
99 2565
